
A:
                   5                  0.2                 -0.8                  1.6 
                 0.2                    3                 -0.1                  1.2 
                -0.8                 -0.1                    4                  0.6 
                 1.6                  1.2                  0.6                  -10 
b = ( 7.94, 7.48, 10.09, 9 )

=================================================================================================
Gauss.

Triangular matrix:
              1            0.04           -0.16            0.32           1.588 
              0               1  -0.02272727273    0.3796791444     2.393850267 
              0               0               1    0.2278332355     2.977216676 
             -0              -0              -0               1            -0.1 


Answer = ( 2, 2.5, 3, -0.1 )

Discrepancy r = Ax - b = ( -8.881784197e-016, 1.776356839e-015, 1.776356839e-015, 0 )

Determinant:
-645.2728

A^(-1):
        0.1966362134       -0.02421301502        0.03413130075        0.03060411039 
      -0.02421301502         0.3210673067      -0.001996055002         0.0345342311 
       0.03413130075      -0.001996055002         0.2537097488        0.02044406645 
       0.03060411039         0.0345342311        0.02044406645       -0.08973259062 


Condition:
5.116262145

A*A^(-1):
                   1                    0     6.938893904e-018    -5.551115123e-017 
   -6.938893904e-018                    1     3.469446952e-018    -2.775557562e-017 
    2.428612866e-017    -3.469446952e-018                    1     6.938893904e-018 
   -5.551115123e-017     5.551115123e-017                    0                    1 


=================================================================================================

=================================================================================================
Square roots.

S:
         2.236067977         0.0894427191        -0.3577708764         0.7155417528 
                   0          1.729739865       -0.03931226966         0.6567461519 
                   0                    0          1.967347083         0.4482270512 
                   0                    0                    0          3.338296421 


D:
                   1                    0                    0                    0 
                   0                    1                    0                    0 
                   0                    0                    1                    0 
                   0                    0                    0                   -1 

y (intermediate result):
3.550875948 4.140738238 5.857218544 -0.3338296421 

Answer = ( 2, 2.5, 3, -0.1 )


Discrepancy r = Ax - b = ( -8.881784197e-016, 0, 1.776356839e-015, 0 )

Determinant:
-645.2728

A^(-1):
        0.1966362134       -0.02421301502        0.03413130075        0.03060411039 
      -0.02421301502         0.3210673067      -0.001996055002         0.0345342311 
       0.03413130075      -0.001996055002         0.2537097488        0.02044406645 
       0.03060411039         0.0345342311        0.02044406645       -0.08973259062 


Condition:
5.116262145

A*A^(-1):
                   1    -6.938893904e-018     1.387778781e-017    -5.551115123e-017 
    1.387778781e-017                    1    -3.469446952e-018                    0 
   -6.938893904e-018    -3.469446952e-018                    1     6.938893904e-018 
    5.551115123e-017                    0                    0                    1 


=================================================================================================
Method of simple iteration.

Ax=f.
 x = Bx + b.

B:
                   0                -0.04                 0.16                -0.32 
      -0.06666666667                    0        0.03333333333                 -0.4 
                 0.2                0.025                    0                -0.15 
                0.16                 0.12                 0.06                    0 

b:
1.588 2.493333333 2.5225 -0.9 

x0:
1.588 2.493333333 2.5225 -0.9 

Method coincides with ||B||<q<1.
 ||B|| = 0.52; q = 0.52
How we can see inequality is right.
Number of iteration: 1
x1 = ( 2.179866667, 2.83155, 3.037433333, -0.19537 )
Number of iteration: 2
x2 = ( 2.023245733, 2.527404667, 3.058567583, -0.02918933333 )
Number of iteration: 3
x3 = ( 1.985615213, 2.472078271, 2.994712663, -0.08947806767 )
Number of iteration: 4
x4 = ( 1.996903877, 2.496573968, 2.99484671, -0.1059694136 )
Number of iteration: 5
x5 = ( 2.001222727, 2.502422397, 3.000190537, -0.1012157009 )
Number of iteration: 6
x6 = ( 2.000322614, 2.500411116, 3.000487461, -0.09950224378 )
Number of iteration: 7
x7 = ( 1.999902267, 2.499795639, 3.000000137, -0.09986980011 )
Number of iteration: 8
x8 = ( 1.999966532, 2.49995444, 2.999955814, -0.1000401524 )
Number of iteration: 9
x9 = ( 2.000007601, 2.500016819, 2.99999819, -0.1000134731 )
Number of iteration: 10
x10 = ( 2.000003349, 2.500004822, 3.000003962, -0.09999687403 )
Number of iteration: 11
x11 = ( 1.999999441, 2.499998658, 3.000000321, -0.09999864778 )

Answer = ( 1.999999441, 2.499998658, 3.000000321, -0.09999864778 )


Discrepancy r = Ax - b = ( -1.158541011e-006, -2.546155485e-006, 2.678848531e-006, -1.583412489e-005 )
